medium04b	trial 0	V	0.155279874802					16			1260.34302663	0
medium04b	trial 0	RRT	5.00114488602					144	12	218	0	1
medium04b	trial 1	RRT	2.97361493111					59	26	267	2006.76910839	0
medium04b	trial 2	RRT	5.02860403061					74	38	394	0	1
medium04b	trial 3	RRT	5.01689910889					69	53	492	0	1
medium04b	trial 4	RRT	1.58285188675					20	59	502	1924.20087679	0
medium04b	trial 5	RRT	5.01591491699					57	75	581	0	1
medium04b	trial 6	RRT	5.03657197952					52	85	649	0	1
medium04b	trial 7	RRT	5.064868927					48	96	723	0	1
medium04b	trial 8	RRT	5.08415389061					45	112	752	0	1
medium04b	trial 9	RRT	5.05665493011					42	126	803	0	1
medium04b	trial 10	RRT	5.10571599007					40	136	849	0	1
medium04b	trial 11	RRT	4.6382830143					35	146	857	2069.81236891	0
medium04b	trial 12	RRT	5.0430419445					36	154	873	0	1
medium04b	trial 13	RRT	3.61525583267					25	163	885	2080.39984922	0
medium04b	trial 14	RRT	4.96509194374					33	171	909	2198.59559233	0
medium04b	trial 15	RRT	5.05727601051					32	182	943	0	1
medium04b	trial 16	RRT	5.00582790375					31	193	962	0	1
medium04b	trial 17	RRT	5.00531601906					30	203	978	0	1
medium04b	trial 18	RRT	5.15865397453					30	215	991	0	1
medium04b	trial 19	RRT	5.12907791138					29	226	1003	0	1
medium04b	trial 20	RRT	5.07010507584					28	233	1017	0	1
medium04b	trial 21	RRT	5.00569796562					27	242	1050	0	1
medium04b	trial 22	RRT	5.1403927803					27	251	1089	0	1
medium04b	trial 23	RRT	5.08144903183					26	261	1127	0	1
medium04b	trial 24	RRT	5.18506598473					26	272	1145	0	1
medium04b	trial 25	RRT	5.16102004051					25	285	1165	0	1
medium04b	trial 26	RRT	5.16896891594					25	295	1180	0	1
medium04b	trial 27	RRT	5.08419799805					24	304	1210	0	1
medium04b	trial 28	RRT	5.17769694328					24	313	1214	0	1
medium04b	trial 29	RRT	5.02098321915					23	328	1225	0	1
medium04b	trial 30	RRT	5.15315485001					23	338	1232	0	1
medium04b	trial 31	RRT	5.21744394302					23	344	1249	0	1
medium04b	trial 32	RRT	5.04171609879					22	358	1277	0	1
medium04b	trial 33	RRT	5.08609390259					22	370	1284	0	1
medium04b	trial 34	RRT	5.17407417297					22	375	1325	0	1
medium04b	trial 35	RRT	5.23314595222					22	389	1335	0	1
medium04b	trial 36	RRT	5.09479594231					21	400	1340	0	1
medium04b	trial 37	RRT	5.13051795959					21	413	1352	0	1
medium04b	trial 38	RRT	5.19290494919					21	425	1370	0	1
medium04b	trial 39	RRT	5.01067996025					20	434	1372	0	1
medium04b	trial 40	RRT	5.07078003883					20	444	1379	0	1
medium04b	trial 41	RRT	5.11884593964					20	451	1383	0	1
medium04b	trial 42	RRT	5.17966413498					20	460	1388	0	1
medium04b	trial 43	RRT	5.00607800484					19	469	1394	0	1
medium04b	trial 44	RRT	5.05289006233					19	473	1425	0	1
medium04b	trial 45	RRT	5.11824202538					19	485	1449	0	1
medium04b	trial 46	RRT	5.17488002777					19	490	1457	0	1
medium04b	trial 47	RRT	5.21829295158					19	501	1467	0	1
medium04b	trial 48	RRT	5.07856607437					18	507	1469	0	1
medium04b	trial 49	RRT	5.07739400864					18	519	1472	0	1
medium04b	trial 0	PRM	0.235157012939	0.231703042984	0.00344896316528	0.209494829178	0.0221989154816	114			2551.8533724	0
medium04b	trial 1	PRM	0.160685062408	0.157706975937	0.00297594070435	0.147588968277	0.0101089477539	108			3119.98137659	0
medium04b	trial 2	PRM	0.162750005722	0.159940958023	0.00280499458313	0.140436172485	0.0194981098175	114			2174.71301112	0
medium04b	trial 3	PRM	0.162232160568	0.159039020538	0.0031909942627	0.141107082367	0.0179240703583	114			3265.59406378	0
medium04b	trial 4	PRM	0.140729904175	0.137463092804	0.00326204299927	0.112920999527	0.0245358943939	119			2210.94258883	0
medium04b	trial 5	PRM	0.136229991913	0.130572080612	0.00565195083618	0.107964992523	0.0225911140442	120			1833.66003875	0
medium04b	trial 6	PRM	0.14897108078	0.14605307579	0.00291299819946	0.123872041702	0.0221741199493	118			3230.26588201	0
medium04b	trial 7	PRM	0.156996011734	0.153778076172	0.00321483612061	0.133733987808	0.020035982132	115			2859.55704075	0
medium04b	trial 8	PRM	0.134058952332	0.130728006363	0.00332808494568	0.11185503006	0.01886510849	114			2443.36397188	0
medium04b	trial 9	PRM	0.144991874695	0.141947031021	0.00304102897644	0.118035078049	0.023904800415	119			2284.75888709	0
medium04b	trial 10	PRM	0.167119026184	0.16397190094	0.00314402580261	0.147608995438	0.0163559913635	115			2915.03149075	0
medium04b	trial 11	PRM	0.146165847778	0.142920970917	0.00324201583862	0.120079994202	0.0228328704834	119			3221.6263421	0
medium04b	trial 12	PRM	0.155813217163	0.152757883072	0.00305080413818	0.132845878601	0.0198969841003	115			2588.2839573	0
medium04b	trial 13	PRM	0.142846822739	0.139549970627	0.00329399108887	0.117010116577	0.0225319862366	118			3311.32724489	0
medium04b	trial 14	PRM	0.135637998581	0.132633924484	0.00300002098083	0.113498926163	0.0191278457642	117			2608.49660035	0
medium04b	trial 15	PRM	0.125295877457	0.122223854065	0.00307011604309	0.113874912262	0.00833797454834	107			2673.20174757	0
medium04b	trial 16	PRM	0.170366048813	0.167340993881	0.00302219390869	0.145957946777	0.0213739871979	113			2922.83401988	0
medium04b	trial 17	PRM	0.147089958191	0.143731117249	0.00335597991943	0.117254972458	0.026468038559	120			3140.81140198	0
medium04b	trial 18	PRM	0.226042032242	0.223129987717	0.0029091835022	0.205402135849	0.0177211761475	111			2490.40242724	0
medium04b	trial 19	PRM	0.163415908813	0.160048007965	0.00333499908447	0.137078046799	0.0229568481445	118			2463.50789913	0
medium04b	trial 20	PRM	0.173631906509	0.170763015747	0.00286507606506	0.150774002075	0.0199818611145	116			2562.3972467	0
medium04b	trial 21	PRM	0.142951965332	0.139790058136	0.0031590461731	0.118494987488	0.0212860107422	118			2611.70459908	0
medium04b	trial 22	PRM	0.178659200668	0.175650835037	0.00300478935242	0.164924860001	0.0107181072235	109			2761.97080546	0
medium04b	trial 23	PRM	0.157973051071	0.154875040054	0.00309491157532	0.131795883179	0.023069858551	119			2515.45841302	0
medium04b	trial 24	PRM	0.138478040695	0.13524889946	0.00322508811951	0.114586830139	0.0206558704376	117			2996.23862159	0
medium04b	trial 25	PRM	0.123645067215	0.120763063431	0.00288009643555	0.103055000305	0.0177009105682	113			2253.9832533	0
medium04b	trial 26	PRM	0.267892122269	0.265049219131	0.00283908843994	0.247205018997	0.0178308486938	114			2101.78875884	0
medium04b	trial 27	PRM	0.17503786087	0.172022104263	0.00301194190979	0.15329003334	0.0187249183655	113			1855.53486734	0
medium04b	trial 28	PRM	0.180680990219	0.176887989044	0.00378203392029	0.148620843887	0.0282270908356	121			2900.07639375	0
medium04b	trial 29	PRM	0.139378786087	0.136301040649	0.00307297706604	0.1169090271	0.0193858146667	119			2598.7920221	0
medium04b	trial 30	PRM	0.147053956985	0.143525123596	0.00352597236633	0.104761123657	0.0387527942657	127			2819.61683062	0
medium04b	trial 31	PRM	0.131662845612	0.128408908844	0.00324988365173	0.108167886734	0.0202350616455	118			2561.35012935	0
medium04b	trial 32	PRM	0.19814491272	0.195422887802	0.00271916389465	0.173322916031	0.0220930576324	115			2526.68320839	0
medium04b	trial 33	PRM	0.151729822159	0.148175001144	0.00354909896851	0.130033969879	0.0181341171265	115			3206.76753154	0
medium04b	trial 34	PRM	0.218822956085	0.215227127075	0.00359296798706	0.180984973907	0.0342350006104	128			2653.31918846	0
medium04b	trial 35	PRM	0.211388111115	0.20836019516	0.00302600860596	0.188679933548	0.0196731090546	119			2779.39425841	0
medium04b	trial 36	PRM	0.237955093384	0.234393119812	0.00355911254883	0.194819927216	0.0395660400391	130			2760.64708056	0
medium04b	trial 37	PRM	0.161271095276	0.158190011978	0.00307679176331	0.132920026779	0.02525806427	118			2516.43538264	0
medium04b	trial 38	PRM	0.146102190018	0.143214941025	0.0028829574585	0.122699975967	0.0205070972443	114			2129.3577912	0
medium04b	trial 39	PRM	0.219861030579	0.216787815094	0.00306987762451	0.194797992706	0.0219810009003	118			2966.21130118	0
medium04b	trial 40	PRM	0.168924093246	0.165192127228	0.00372886657715	0.142636060715	0.0225470066071	117			3061.95689166	0
medium04b	trial 41	PRM	0.161978006363	0.158617973328	0.00335788726807	0.134103059769	0.02450299263	120			2276.67572428	0
medium04b	trial 42	PRM	0.139119148254	0.136248111725	0.00286793708801	0.120518922806	0.0157220363617	111			2773.86545979	0
medium04b	trial 43	PRM	0.140250205994	0.137267827988	0.00297904014587	0.12068605423	0.0165729522705	113			1779.60776465	0
medium04b	trial 44	PRM	0.154133081436	0.151045084	0.003084897995	0.128873109818	0.0221650600433	118			2159.34605076	0
medium04b	trial 45	PRM	0.136682033539	0.133650064468	0.00302600860596	0.123689174652	0.00995397567749	109			2627.44533445	0
medium04b	trial 46	PRM	0.194025039673	0.190399885178	0.00362205505371	0.153427124023	0.0369617938995	132			3198.75743871	0
medium04b	trial 47	PRM	0.137583017349	0.134578943253	0.00300002098083	0.11564207077	0.0189301967621	115			2608.78730971	0
medium04b	trial 48	PRM	0.16166806221	0.158027887344	0.00363492965698	0.128070116043	0.0299501419067	123			2445.36226679	0
medium04b	trial 49	PRM	0.131670951843	0.128700017929	0.00296807289124	0.111726999283	0.0169639587402	115			2525.17418174	0
medium04b	trial 0	VRRT	0.0611329078674					33	11	81	2069.71824807	0
medium04b	trial 1	VRRT	0.0205659866333					18	20	86	1321.37034441	0
medium04b	trial 2	VRRT	0.0333862304688					26	31	109	1940.81073698	0
medium04b	trial 3	VRRT	0.0279848575592					22	38	123	1864.4954499	0
medium04b	trial 4	VRRT	0.0160610675812					13	43	126	1758.04835714	0
medium04b	trial 5	VRRT	0.0704751014709					30	55	237	1875.35026431	0
medium04b	trial 6	VRRT	0.033234834671					27	64	243	1453.66873877	0
medium04b	trial 7	VRRT	0.0434141159058					31	80	262	1413.87111938	0
medium04b	trial 8	VRRT	0.0906059741974					35	87	398	2153.5727521	0
medium04b	trial 9	VRRT	0.0266258716583					22	100	407	1434.38916327	0
medium04b	trial 10	VRRT	0.307963132858					43	106	971	2000.46161632	0
medium04b	trial 11	VRRT	0.040668964386					32	117	998	1935.59464809	0
medium04b	trial 12	VRRT	0.0507347583771					29	126	1060	1910.56172382	0
medium04b	trial 13	VRRT	0.0228672027588					21	138	1064	1432.76589484	0
medium04b	trial 14	VRRT	0.0313832759857					24	147	1074	1313.68417281	0
medium04b	trial 15	VRRT	0.0396511554718					26	155	1111	1376.33639997	0
medium04b	trial 16	VRRT	0.0957050323486					31	168	1183	1310.66794088	0
medium04b	trial 17	VRRT	0.0272600650787					25	176	1195	1295.60816176	0
medium04b	trial 18	VRRT	0.0249209403992					20	181	1207	1772.2579361	0
medium04b	trial 19	VRRT	0.0936529636383					39	196	1326	1282.1246118	0
medium04b	trial 20	VRRT	0.102498054504					74	215	1408	2513.91035682	0
medium04b	trial 21	VRRT	0.0711851119995					51	227	1479	2002.63017132	0
medium04b	trial 22	VRRT	0.240605115891					155	243	1643	2384.57025717	0
medium04b	trial 23	VRRT	0.078812122345					61	261	1703	2111.44494909	0
medium04b	trial 24	VRRT	0.573212862015					234	280	1978	1291.59750288	0
medium04b	trial 25	VRRT	0.275624990463					128	301	2252	1408.26792546	0
medium04b	trial 26	VRRT	0.0693852901459					52	313	2318	2246.38109424	0
medium04b	trial 27	VRRT	0.0338959693909					33	325	2327	1893.84261121	0
medium04b	trial 28	VRRT	0.0853672027588					65	339	2395	2283.11424761	0
medium04b	trial 29	VRRT	0.0960948467255					77	357	2455	1979.70980641	0
medium04b	trial 30	VRRT	0.138785839081					100	368	2563	2018.54218805	0
medium04b	trial 31	VRRT	0.067037820816					59	377	2603	2380.61188523	0
medium04b	trial 32	VRRT	0.0381319522858					33	387	2623	1920.07844626	0
medium04b	trial 33	VRRT	0.104517221451					62	405	2740	2475.76591017	0
medium04b	trial 34	VRRT	0.0745100975037					54	412	2806	1954.85443873	0
medium04b	trial 35	VRRT	0.286471843719					156	424	3057	2122.76717156	0
medium04b	trial 36	VRRT	0.388628005981					185	445	3346	2829.20992121	0
medium04b	trial 37	VRRT	0.0909101963043					67	456	3424	2473.8002305	0
medium04b	trial 38	VRRT	0.0508596897125					48	471	3452	2297.49238187	0
medium04b	trial 39	VRRT	0.016918182373					12	473	3455	2020.63217163	0
medium04b	trial 40	VRRT	0.124818086624					93	491	3536	1830.57211227	0
medium04b	trial 41	VRRT	0.154318094254					97	500	3694	2123.66083652	0
medium04b	trial 42	VRRT	0.0548288822174					42	508	3746	2256.94539685	0
medium04b	trial 43	VRRT	0.118369102478					78	524	3840	2165.70563964	0
medium04b	trial 44	VRRT	0.0543618202209					48	536	3874	1916.49984161	0
medium04b	trial 45	VRRT	0.0412490367889					36	547	3904	1998.52034394	0
medium04b	trial 46	VRRT	0.102566957474					69	557	4012	1900.28638558	0
medium04b	trial 47	VRRT	0.11417222023					88	570	4101	2314.30217377	0
medium04b	trial 48	VRRT	0.344439983368					149	589	4387	2066.1101706	0
medium04b	trial 49	VRRT	0.0642862319946					56	604	4431	1914.26116318	0
medium04b	trial 0	VPRM	0.148236036301	0.145017147064	0.00321412086487	0.119679927826	0.0253279209137	119			2501.3292537	0
medium04b	trial 1	VPRM	0.187493085861	0.183999061584	0.00349116325378	0.143920898438	0.0400710105896	130			2496.79943285	0
medium04b	trial 2	VPRM	0.155555009842	0.152102947235	0.00344896316528	0.114886045456	0.0372078418732	126			1806.42591722	0
medium04b	trial 3	VPRM	0.151981830597	0.148839950562	0.00313901901245	0.125540971756	0.0232918262482	119			2080.89623428	0
medium04b	trial 4	VPRM	0.141429185867	0.138057947159	0.00336599349976	0.12720489502	0.0108458995819	107			3416.55847988	0
medium04b	trial 5	VPRM	0.231942176819	0.228564977646	0.00337290763855	0.202112913132	0.026437997818	117			3058.91178623	0
medium04b	trial 6	VPRM	0.176996946335	0.173648118973	0.00334501266479	0.146510124207	0.0271310806274	122			3070.08980006	0
medium04b	trial 7	VPRM	0.139561891556	0.136562108994	0.00299596786499	0.115456104279	0.0210988521576	115			2933.83738185	0
medium04b	trial 8	VPRM	0.202750921249	0.200103998184	0.00264406204224	0.189270019531	0.0108280181885	110			1618.99051257	0
medium04b	trial 9	VPRM	0.171503067017	0.168594121933	0.00290703773499	0.154719114304	0.0138690471649	113			2461.92014211	0
medium04b	trial 10	VPRM	0.263632059097	0.260738134384	0.0028920173645	0.235347032547	0.0253839492798	118			3367.71476167	0
medium04b	trial 11	VPRM	0.150844812393	0.147546052933	0.0032958984375	0.126466035843	0.0210719108582	118			2226.25495174	0
medium04b	trial 12	VPRM	0.174017906189	0.170749902725	0.0032651424408	0.14414691925	0.0265970230103	123			2166.91517289	0
medium04b	trial 13	VPRM	0.246337890625	0.243212938309	0.00310778617859	0.226061105728	0.0171451568604	113			3088.34816976	0
medium04b	trial 14	VPRM	0.194854021072	0.19054889679	0.00430011749268	0.164242982864	0.0262939929962	115			3029.60936858	0
medium04b	trial 15	VPRM	0.218653917313	0.215448141098	0.00320196151733	0.192220211029	0.0232219696045	118			3082.8003076	0
medium04b	trial 16	VPRM	0.188226938248	0.184794902802	0.00342917442322	0.158445119858	0.0263431072235	119			3144.73868296	0
medium04b	trial 17	VPRM	0.176055908203	0.172959089279	0.003093957901	0.151737928391	0.0212140083313	117			1608.09400593	0
medium04b	trial 18	VPRM	0.14781999588	0.144423007965	0.00339412689209	0.12447309494	0.0199398994446	119			2995.02059356	0
medium04b	trial 19	VPRM	0.216386079788	0.21232509613	0.00405716896057	0.19119811058	0.0211141109467	109			3129.29852721	0
medium04b	trial 20	VPRM	0.133029937744	0.130098819733	0.00292801856995	0.120490074158	0.00960206985474	107			2597.54861526	0
medium04b	trial 21	VPRM	0.175714015961	0.173166036606	0.00254487991333	0.165724992752	0.00743293762207	103			2357.48491423	0
medium04b	trial 22	VPRM	0.201825141907	0.198596954346	0.00322508811951	0.180470943451	0.0181188583374	113			2242.32403102	0
medium04b	trial 23	VPRM	0.13720202446	0.133930206299	0.00326895713806	0.106497049332	0.0274269580841	119			2320.72034809	0
medium04b	trial 24	VPRM	0.146691083908	0.143285989761	0.0034019947052	0.125794887543	0.0174839496613	114			3200.91392391	0
medium04b	trial 25	VPRM	0.141829967499	0.138928174973	0.0028989315033	0.121056079865	0.017865896225	110			3104.67086364	0
medium04b	trial 26	VPRM	0.143369197845	0.140199899673	0.00316500663757	0.116032838821	0.0241611003876	119			2480.2825007	0
medium04b	trial 27	VPRM	0.128796100616	0.125727176666	0.00306606292725	0.108688831329	0.017030954361	111			2658.54104014	0
medium04b	trial 28	VPRM	0.14143705368	0.138243913651	0.00319004058838	0.116147041321	0.0220911502838	117			2444.03971219	0
medium04b	trial 29	VPRM	0.140048027039	0.136751174927	0.00329303741455	0.11229801178	0.0244419574738	118			2935.87294696	0
medium04b	trial 30	VPRM	0.153706073761	0.150891065598	0.0028121471405	0.129750967026	0.0211319923401	117			2360.04764341	0
medium04b	trial 31	VPRM	0.224272012711	0.221307039261	0.00296187400818	0.196521043777	0.0247778892517	116			2361.52070211	0
medium04b	trial 32	VPRM	0.175517082214	0.172159194946	0.00335502624512	0.149528980255	0.0226230621338	118			3657.98506702	0
medium04b	trial 33	VPRM	0.182832956314	0.17888712883	0.00394201278687	0.156315088272	0.0225639343262	119			2843.72076508	0
medium04b	trial 34	VPRM	0.170016050339	0.166430950165	0.00358104705811	0.142161130905	0.0242609977722	121			2267.78336075	0
medium04b	trial 35	VPRM	0.159387111664	0.156371116638	0.00301289558411	0.146031141281	0.0103328227997	111			2790.56136262	0
medium04b	trial 36	VPRM	0.157298088074	0.153733968735	0.00356006622314	0.112376928329	0.0413520336151	131			2397.06223869	0
medium04b	trial 37	VPRM	0.16409611702	0.16047000885	0.00362205505371	0.119839906693	0.0406188964844	130			2424.62231445	0
medium04b	trial 38	VPRM	0.196393966675	0.193254947662	0.00313591957092	0.175309181213	0.0179390907288	114			2110.17310945	0
medium04b	trial 39	VPRM	0.189569950104	0.186634063721	0.00293397903442	0.164453029633	0.0221729278564	112			2542.94135794	0
medium04b	trial 40	VPRM	0.142688989639	0.139581918716	0.00310301780701	0.114809036255	0.0247659683228	122			2378.70444112	0
medium04b	trial 41	VPRM	0.155884027481	0.152655124664	0.00322508811951	0.127921104431	0.024729013443	122			2471.30244592	0
medium04b	trial 42	VPRM	0.155384778976	0.152432918549	0.00294899940491	0.140232801437	0.0121901035309	111			2483.31757271	0
medium04b	trial 43	VPRM	0.177931070328	0.171474933624	0.00645184516907	0.124531984329	0.0469291210175	127			2433.89587387	0
medium04b	trial 44	VPRM	0.148509979248	0.145256996155	0.003249168396	0.11693406105	0.0283110141754	120			2801.02309603	0
medium04b	trial 45	VPRM	0.173861980438	0.170806884766	0.00305199623108	0.154095888138	0.0167031288147	113			3688.52430629	0
medium04b	trial 46	VPRM	0.175518989563	0.172165870667	0.00335097312927	0.147897958755	0.0242598056793	120			2478.97682386	0
medium04b	trial 47	VPRM	0.23025393486	0.226860046387	0.00339102745056	0.200627088547	0.0262260437012	121			2476.01302007	0
medium04b	trial 48	VPRM	0.281004905701	0.27615904808	0.00484204292297	0.252917051315	0.0232298374176	118			2000.16899011	0
medium04b	trial 49	VPRM	0.249490976334	0.246510982513	0.00297617912292	0.227697134018	0.0188081264496	116			4045.50623758	0
