easy03b	trial 0	V	0.0880692005157					8			931.974217467	0
easy03b	trial 0	RRT	0.877588033676					30	5	15	2132.7538828	0
easy03b	trial 1	RRT	3.19868183136					99	14	59	1816.89772917	0
easy03b	trial 2	RRT	1.55313205719					36	23	68	2139.71490216	0
easy03b	trial 3	RRT	0.645129919052					14	25	75	1892.23958279	0
easy03b	trial 4	RRT	0.464860916138					10	28	76	1007.97107228	0
easy03b	trial 5	RRT	0.749784946442					15	34	80	1074.56089808	0
easy03b	trial 6	RRT	3.74632382393					63	51	118	2135.94248292	0
easy03b	trial 7	RRT	1.70937275887					26	58	136	1916.43324594	0
easy03b	trial 8	RRT	1.82844781876					26	62	157	2016.05307768	0
easy03b	trial 9	RRT	2.35919690132					31	69	170	2164.23570537	0
easy03b	trial 10	RRT	5.02881288528					59	84	206	0	1
easy03b	trial 11	RRT	1.68441009521					19	90	210	1724.01067701	0
easy03b	trial 12	RRT	3.35133099556					35	101	226	1066.89243778	0
easy03b	trial 13	RRT	0.311192035675					4	101	226	1963.76599898	0
easy03b	trial 14	RRT	2.07948684692					21	105	228	1166.15116116	0
easy03b	trial 15	RRT	5.07422685623					47	115	268	0	1
easy03b	trial 16	RRT	0.814226865768					8	118	268	1884.28232342	0
easy03b	trial 17	RRT	5.04296898842					43	128	285	0	1
easy03b	trial 18	RRT	3.02774977684					25	141	294	1076.79851168	0
easy03b	trial 19	RRT	0.53453874588					5	141	294	1957.25434454	0
easy03b	trial 20	RRT	0.790045261383					7	142	294	1705.10002289	0
easy03b	trial 21	RRT	4.11741113663					32	144	309	1703.89991955	0
easy03b	trial 22	RRT	5.01303005219					37	156	328	0	1
easy03b	trial 23	RRT	5.10117506981					36	167	338	0	1
easy03b	trial 24	RRT	1.06033086777					8	170	338	2076.85521545	0
easy03b	trial 25	RRT	4.30623602867					29	176	357	2112.82421495	0
easy03b	trial 26	RRT	5.12723302841					33	187	370	0	1
easy03b	trial 27	RRT	5.08067393303					32	200	381	0	1
easy03b	trial 28	RRT	1.52164697647					10	203	381	1819.91912454	0
easy03b	trial 29	RRT	5.01290917397					30	218	397	0	1
easy03b	trial 30	RRT	3.73137402534					22	224	404	2411.42094056	0
easy03b	trial 31	RRT	5.07088112831					29	231	422	0	1
easy03b	trial 32	RRT	5.04159092903					28	234	453	0	1
easy03b	trial 33	RRT	4.23657798767					23	244	465	1310.6772638	0
easy03b	trial 34	RRT	3.92446398735					21	250	478	2276.03419238	0
easy03b	trial 35	RRT	5.01170110703					26	261	493	0	1
easy03b	trial 36	RRT	5.12894415855					26	266	508	0	1
easy03b	trial 37	RRT	1.67026400566					9	268	508	1107.73659408	0
easy03b	trial 38	RRT	3.16282606125					16	276	511	1212.80352022	0
easy03b	trial 39	RRT	4.30274987221					21	282	513	1841.95973835	0
easy03b	trial 40	RRT	5.21235108376					25	296	522	0	1
easy03b	trial 41	RRT	5.11921596527					24	300	537	0	1
easy03b	trial 42	RRT	4.97900605202					23	307	560	2006.68008712	0
easy03b	trial 43	RRT	3.9149889946					18	315	560	2137.58081612	0
easy03b	trial 44	RRT	3.73309421539					17	325	561	1601.15443855	0
easy03b	trial 45	RRT	1.65019202232					8	327	571	1300.04348174	0
easy03b	trial 46	RRT	5.00076389313					22	334	609	0	1
easy03b	trial 47	RRT	5.06859016418					22	342	612	0	1
easy03b	trial 48	RRT	5.19110393524					22	355	618	0	1
easy03b	trial 49	RRT	5.00069689751					21	359	622	0	1
easy03b	trial 0	PRM	0.154095888138	0.150712966919	0.00337886810303	0.125293970108	0.0254120826721	120			2419.29708907	0
easy03b	trial 1	PRM	0.159471035004	0.155673980713	0.00379300117493	0.12841296196	0.0272510051727	119			2398.68647989	0
easy03b	trial 2	PRM	0.165903091431	0.162582874298	0.00331711769104	0.117904901505	0.0446701049805	131			1313.23406165	0
easy03b	trial 3	PRM	0.179697036743	0.176479101181	0.00321412086487	0.151584863663	0.024885892868	119			3020.89186424	0
easy03b	trial 4	PRM	0.154211997986	0.150827884674	0.00338101387024	0.12751698494	0.0233030319214	116			2284.42929251	0
easy03b	trial 5	PRM	0.161293029785	0.158048152924	0.00324201583862	0.133944034576	0.0240960121155	119			1961.89005812	0
easy03b	trial 6	PRM	0.163612127304	0.160559892654	0.00304698944092	0.131994009018	0.0285589694977	122			2898.23425982	0
easy03b	trial 7	PRM	0.148282051086	0.144580841064	0.00369715690613	0.112890005112	0.0316841602325	123			2259.3794549	0
easy03b	trial 8	PRM	0.160064220428	0.156931877136	0.00312900543213	0.122632026672	0.0342919826508	122			1759.11818142	0
easy03b	trial 9	PRM	0.158133983612	0.154764890671	0.00336599349976	0.128947019577	0.025810956955	117			2347.1553299	0
easy03b	trial 10	PRM	0.184892177582	0.181365966797	0.00352311134338	0.153640985489	0.0277180671692	121			2843.76002429	0
easy03b	trial 11	PRM	0.164822101593	0.160874843597	0.00394296646118	0.115571975708	0.0452859401703	129			2080.22880709	0
easy03b	trial 12	PRM	0.139488935471	0.135736942291	0.00375008583069	0.109657049179	0.0260729789734	119			2295.64754033	0
easy03b	trial 13	PRM	0.155931949615	0.152506113052	0.00342202186584	0.122684955597	0.0298128128052	120			1875.51145033	0
easy03b	trial 14	PRM	0.149517059326	0.146375894547	0.00313401222229	0.118304014206	0.0280630588531	115			3021.16271598	0
easy03b	trial 15	PRM	0.176951885223	0.173281908035	0.00366592407227	0.130174160004	0.0431001186371	131			2053.96752682	0
easy03b	trial 16	PRM	0.157700061798	0.154295921326	0.00340104103088	0.12255692482	0.0317318439484	122			2028.32552062	0
easy03b	trial 17	PRM	0.142373085022	0.138986110687	0.00338411331177	0.114040136337	0.0249390602112	121			2456.13317407	0
easy03b	trial 18	PRM	0.170794010162	0.167440891266	0.00334906578064	0.135782003403	0.0316500663757	123			2426.31498923	0
easy03b	trial 19	PRM	0.188271999359	0.18413901329	0.00412893295288	0.131686925888	0.052442073822	136			2230.7519665	0
easy03b	trial 20	PRM	0.172399997711	0.168398857117	0.00399780273438	0.120244979858	0.0481359958649	131			2126.71033035	0
easy03b	trial 21	PRM	0.149864912033	0.146130084991	0.00373196601868	0.120230197906	0.0258910655975	119			2483.70815288	0
easy03b	trial 22	PRM	0.161292076111	0.158450126648	0.00283908843994	0.127255916595	0.0311598777771	120			1925.0027219	0
easy03b	trial 23	PRM	0.188781023026	0.18542098999	0.00335693359375	0.15646982193	0.0289421081543	122			2396.91767576	0
easy03b	trial 24	PRM	0.198344945908	0.194396018982	0.00394487380981	0.13337802887	0.0610110759735	138			2661.071464	0
easy03b	trial 25	PRM	0.178301095963	0.174253940582	0.00404405593872	0.132843971252	0.0413908958435	131			2281.64037822	0
easy03b	trial 26	PRM	0.154759883881	0.15142583847	0.00333094596863	0.120856046677	0.0305631160736	122			1983.56791743	0
easy03b	trial 27	PRM	0.143671989441	0.14027094841	0.00339794158936	0.112160205841	0.0281031131744	123			2282.18821062	0
easy03b	trial 28	PRM	0.176543951035	0.173089981079	0.0034511089325	0.133145093918	0.0399358272552	127			2392.16278448	0
easy03b	trial 29	PRM	0.177410125732	0.172523975372	0.00488018989563	0.144145965576	0.0283660888672	118			2183.0485578	0
easy03b	trial 30	PRM	0.198172092438	0.194498062134	0.00367116928101	0.140771865845	0.0537180900574	136			2374.82018926	0
easy03b	trial 31	PRM	0.154731988907	0.151665210724	0.00306296348572	0.125624895096	0.0260291099548	119			1993.0270234	0
easy03b	trial 32	PRM	0.166199922562	0.163256883621	0.00293898582458	0.119796037674	0.0434551239014	132			1294.63771461	0
easy03b	trial 33	PRM	0.175005912781	0.169605970383	0.00539684295654	0.147062063217	0.0225360393524	112			2158.87345967	0
easy03b	trial 34	PRM	0.210606098175	0.204840183258	0.00576114654541	0.18340587616	0.0214228630066	110			2239.81767489	0
easy03b	trial 35	PRM	0.171016931534	0.167849063873	0.00316405296326	0.138644933701	0.029198884964	116			2111.97091601	0
easy03b	trial 36	PRM	0.145796060562	0.14236497879	0.00342702865601	0.113990068436	0.0283670425415	118			2226.92456034	0
easy03b	trial 37	PRM	0.154546976089	0.150876998901	0.0036678314209	0.123934030533	0.0269241333008	120			2722.35470601	0
easy03b	trial 38	PRM	0.154011011124	0.150327920914	0.00367903709412	0.123270988464	0.0270471572876	121			2157.49772449	0
easy03b	trial 39	PRM	0.154466867447	0.149748086929	0.00471496582031	0.119531154633	0.0302069187164	119			1393.36916506	0
easy03b	trial 40	PRM	0.146745920181	0.143332004547	0.00341105461121	0.122699022293	0.0206260681152	120			2668.11367477	0
easy03b	trial 41	PRM	0.171365976334	0.167724847794	0.00363206863403	0.140353918076	0.0273630619049	118			2509.09704318	0
easy03b	trial 42	PRM	0.160592079163	0.15726518631	0.00332307815552	0.133178949356	0.0240740776062	120			3305.55742658	0
easy03b	trial 43	PRM	0.139466047287	0.136209011078	0.00325393676758	0.117371082306	0.0188310146332	114			2378.92917241	0
easy03b	trial 44	PRM	0.152732133865	0.149425983429	0.00330281257629	0.119579792023	0.0298390388489	120			2616.01363395	0
easy03b	trial 45	PRM	0.200105905533	0.197092056274	0.00301098823547	0.16419506073	0.0328891277313	118			1289.45443081	0
easy03b	trial 46	PRM	0.151182889938	0.147753000259	0.00342702865601	0.119104146957	0.028639793396	117			2582.67889131	0
easy03b	trial 47	PRM	0.151106834412	0.147691011429	0.00341200828552	0.124294996262	0.0233879089355	119			2369.25046637	0
easy03b	trial 48	PRM	0.157037973404	0.153537034988	0.00349807739258	0.128355026245	0.0251750946045	118			2981.52474187	0
easy03b	trial 49	PRM	0.150902986526	0.147428035736	0.00347089767456	0.116894960403	0.0305259227753	119			2316.44996159	0
easy03b	trial 0	VRRT	0.0324499607086					23	10	7	1753.74421248	0
easy03b	trial 1	VRRT	0.0381050109863					22	19	8	1371.41160137	0
easy03b	trial 2	VRRT	0.0363900661469					22	30	9	961.797594056	0
easy03b	trial 3	VRRT	0.0296952724457					18	41	10	999.104212665	0
easy03b	trial 4	VRRT	0.0265498161316					20	50	15	1176.70665958	0
easy03b	trial 5	VRRT	0.0292530059814					22	56	19	2617.2444375	0
easy03b	trial 6	VRRT	0.0370261669159					28	61	33	984.527315287	0
easy03b	trial 7	VRRT	0.0201716423035					14	65	36	1096.39267917	0
easy03b	trial 8	VRRT	0.0152101516724					7	67	36	2250.49062641	0
easy03b	trial 9	VRRT	0.0342948436737					22	80	38	1127.907304	0
easy03b	trial 10	VRRT	0.0644989013672					47	99	55	1127.54592813	0
easy03b	trial 11	VRRT	0.052188873291					37	105	97	2179.25143778	0
easy03b	trial 12	VRRT	0.0298049449921					19	114	97	2256.56904202	0
easy03b	trial 13	VRRT	0.0394468307495					29	118	119	2037.25275337	0
easy03b	trial 14	VRRT	0.0162518024445					13	122	119	1219.65900505	0
easy03b	trial 15	VRRT	0.0151262283325					10	127	121	1242.20417008	0
easy03b	trial 16	VRRT	0.0589921474457					50	132	153	1215.11363731	0
easy03b	trial 17	VRRT	0.0331859588623					20	139	160	1496.71049206	0
easy03b	trial 18	VRRT	0.0730731487274					49	158	192	1510.84919694	0
easy03b	trial 19	VRRT	0.0732181072235					38	173	205	2043.1148212	0
easy03b	trial 20	VRRT	0.147456169128					109	190	275	2079.04272096	0
easy03b	trial 21	VRRT	0.0494999885559					45	195	288	2199.87992317	0
easy03b	trial 22	VRRT	0.0617480278015					48	201	326	1916.75943852	0
easy03b	trial 23	VRRT	0.142607212067					105	222	399	2451.88956879	0
easy03b	trial 24	VRRT	0.0205726623535					18	230	401	1165.27483007	0
easy03b	trial 25	VRRT	0.0386800765991					26	243	406	1912.36490277	0
easy03b	trial 26	VRRT	0.0259811878204					19	246	413	2077.89573414	0
easy03b	trial 27	VRRT	0.0128087997437					6	247	413	2045.40272549	0
easy03b	trial 28	VRRT	0.0249948501587					17	253	414	1294.00026027	0
easy03b	trial 29	VRRT	0.0228731632233					10	259	414	2193.80425539	0
easy03b	trial 30	VRRT	0.0295000076294					13	264	414	2489.85941218	0
easy03b	trial 31	VRRT	0.0794880390167					53	273	461	2446.05936575	0
easy03b	trial 32	VRRT	0.0625348091125					32	281	491	2103.01219714	0
easy03b	trial 33	VRRT	0.0415999889374					30	285	521	2319.8435076	0
easy03b	trial 34	VRRT	0.0247421264648					14	291	521	2097.93252185	0
easy03b	trial 35	VRRT	0.0275490283966					19	297	523	1926.06277928	0
easy03b	trial 36	VRRT	0.0795331001282					60	314	561	2045.85830468	0
easy03b	trial 37	VRRT	0.0393562316895					22	322	572	2477.65830924	0
easy03b	trial 38	VRRT	0.0221719741821					18	327	574	2033.54568051	0
easy03b	trial 39	VRRT	0.0233767032623					15	330	586	1245.81668747	0
easy03b	trial 40	VRRT	0.035630941391					26	337	595	1949.63696276	0
easy03b	trial 41	VRRT	0.131725072861					94	357	663	1408.14340867	0
easy03b	trial 42	VRRT	0.0456099510193					33	365	678	2160.10476061	0
easy03b	trial 43	VRRT	0.146929979324					94	377	750	2268.23504651	0
easy03b	trial 44	VRRT	0.0524928569794					23	384	759	2200.09249759	0
easy03b	trial 45	VRRT	0.0545389652252					35	394	790	2205.23245967	0
easy03b	trial 46	VRRT	0.0555171966553					53	402	818	2117.65501614	0
easy03b	trial 47	VRRT	0.0413930416107					18	410	853	2361.97752431	0
easy03b	trial 48	VRRT	0.0243248939514					22	415	859	1240.01303128	0
easy03b	trial 49	VRRT	0.0340912342072					20	423	866	2389.37356092	0
easy03b	trial 0	VPRM	0.150368928909	0.147619009018	0.00274610519409	0.126303195953	0.0213069915771	114			1480.78285893	0
easy03b	trial 1	VPRM	0.158751964569	0.155308008194	0.00344109535217	0.126634120941	0.0286660194397	123			2961.41655555	0
easy03b	trial 2	VPRM	0.199700117111	0.196007966995	0.00368905067444	0.150214195251	0.0457880496979	134			2421.42366266	0
easy03b	trial 3	VPRM	0.189378023148	0.185594081879	0.00378108024597	0.134184122086	0.0514030456543	133			2716.39877043	0
easy03b	trial 4	VPRM	0.139956951141	0.136111974716	0.00384306907654	0.113524913788	0.022579908371	117			2216.93886538	0
easy03b	trial 5	VPRM	0.181806087494	0.178448915482	0.00335311889648	0.118697881699	0.0597410202026	138			1385.35843853	0
easy03b	trial 6	VPRM	0.152380228043	0.148957014084	0.00341987609863	0.121826887131	0.0271220207214	119			1699.45173696	0
easy03b	trial 7	VPRM	0.199789047241	0.196039915085	0.00374603271484	0.138859987259	0.0571689605713	133			2966.95208373	0
easy03b	trial 8	VPRM	0.227324008942	0.223806858063	0.00351285934448	0.194757938385	0.0290348529816	121			2551.09285792	0
easy03b	trial 9	VPRM	0.147568941116	0.142708063126	0.00485610961914	0.116629123688	0.0260670185089	120			2478.71818769	0
easy03b	trial 10	VPRM	0.15999007225	0.156809091568	0.00317811965942	0.132222890854	0.0245788097382	120			1778.33917745	0
easy03b	trial 11	VPRM	0.171241044998	0.167483091354	0.00375413894653	0.122531175613	0.0449450016022	132			2697.47986371	0
easy03b	trial 12	VPRM	0.174629926682	0.171252012253	0.00337505340576	0.13835811615	0.0328869819641	118			2358.20545941	0
easy03b	trial 13	VPRM	0.144240856171	0.141096115112	0.00314092636108	0.116451025009	0.0246369838715	114			1286.00038001	0
easy03b	trial 14	VPRM	0.1578810215	0.155092954636	0.00278496742249	0.12787604332	0.0272109508514	119			1505.76697823	0
easy03b	trial 15	VPRM	0.168853998184	0.165911912918	0.00293803215027	0.136189937592	0.0297150611877	122			1833.18355376	0
easy03b	trial 16	VPRM	0.161718845367	0.158488035202	0.00322794914246	0.128030061722	0.0304498672485	122			2464.85483096	0
easy03b	trial 17	VPRM	0.160530090332	0.157238006592	0.00328803062439	0.130223035812	0.027006149292	118			1977.55148415	0
easy03b	trial 18	VPRM	0.162101984024	0.158748149872	0.00335097312927	0.129491090775	0.0292489528656	118			2296.12225201	0
easy03b	trial 19	VPRM	0.149245977402	0.145854949951	0.00338697433472	0.116068124771	0.0297770500183	119			2173.63576968	0
easy03b	trial 20	VPRM	0.135997056961	0.133069038391	0.00292611122131	0.124137163162	0.0089259147644	105			3218.56746614	0
easy03b	trial 21	VPRM	0.151278972626	0.148002147675	0.00327396392822	0.123878002167	0.0241169929504	121			2508.94291524	0
easy03b	trial 22	VPRM	0.168399095535	0.16428399086	0.00411081314087	0.116865158081	0.047413110733	134			2670.80801138	0
easy03b	trial 23	VPRM	0.166090011597	0.162719964981	0.00336599349976	0.129922151566	0.0327880382538	118			3336.11312389	0
easy03b	trial 24	VPRM	0.147378206253	0.143911838531	0.00346183776855	0.114500999451	0.0294020175934	122			2612.42465027	0
easy03b	trial 25	VPRM	0.155082941055	0.151510000229	0.00357103347778	0.122828960419	0.0286738872528	122			1765.11540672	0
easy03b	trial 26	VPRM	0.15062212944	0.147723913193	0.00289392471313	0.120867967606	0.0268490314484	123			1293.88897449	0
easy03b	trial 27	VPRM	0.145622014999	0.142369031906	0.00324988365173	0.116963148117	0.025398015976	115			2157.30501044	0
easy03b	trial 28	VPRM	0.167392969131	0.164199113846	0.00318908691406	0.135447978973	0.0287411212921	116			2207.53036181	0
easy03b	trial 29	VPRM	0.157995939255	0.154713153839	0.00327801704407	0.130505084991	0.0242009162903	118			1894.43387404	0
easy03b	trial 30	VPRM	0.156192064285	0.152858972549	0.00333118438721	0.125960111618	0.0268909931183	117			2465.65391098	0
easy03b	trial 31	VPRM	0.146337032318	0.143059968948	0.00327515602112	0.116607904434	0.0264430046082	118			2662.4732147	0
easy03b	trial 32	VPRM	0.170439004898	0.166893959045	0.00353908538818	0.127470016479	0.039393901825	126			1861.75184315	0
easy03b	trial 33	VPRM	0.193259000778	0.189326047897	0.00392913818359	0.133302211761	0.0560131072998	137			2106.99145658	0
easy03b	trial 34	VPRM	0.177885055542	0.174588918686	0.00329184532166	0.144220113754	0.0303611755371	120			2155.16200419	0
easy03b	trial 35	VPRM	0.15617609024	0.153275966644	0.00289678573608	0.126936197281	0.026330947876	117			1286.54138844	0
easy03b	trial 36	VPRM	0.160466909409	0.157351970673	0.00311207771301	0.131531953812	0.0258131027222	119			1913.20740478	0
easy03b	trial 37	VPRM	0.155396223068	0.15248799324	0.00290393829346	0.128597021103	0.0238859653473	119			1971.80531065	0
easy03b	trial 38	VPRM	0.17969584465	0.174624919891	0.00506210327148	0.130400896072	0.0441880226135	121			2798.22312448	0
easy03b	trial 39	VPRM	0.164920806885	0.161746025085	0.00317192077637	0.147859096527	0.0138778686523	111			2274.60785784	0
easy03b	trial 40	VPRM	0.172554016113	0.168082952499	0.00446701049805	0.140485048294	0.0275869369507	119			2221.83336198	0
easy03b	trial 41	VPRM	0.147675991058	0.144650936127	0.0030210018158	0.123548984528	0.0210947990417	118			2433.25744832	0
easy03b	trial 42	VPRM	0.141484975815	0.138062953949	0.00341820716858	0.112917900085	0.0251369476318	119			2701.18562242	0
easy03b	trial 43	VPRM	0.141019821167	0.137944936752	0.00307083129883	0.113941907883	0.0239961147308	118			2231.16972649	0
easy03b	trial 44	VPRM	0.155102014542	0.151647806168	0.00345087051392	0.122921943665	0.0287170410156	120			2062.07604078	0
easy03b	trial 45	VPRM	0.15126490593	0.148191928864	0.0030689239502	0.120235919952	0.0279490947723	119			1969.259698	0
easy03b	trial 46	VPRM	0.156152009964	0.152808904648	0.00333881378174	0.127514123917	0.0252890586853	116			2876.78541684	0
easy03b	trial 47	VPRM	0.155110836029	0.151640892029	0.00346684455872	0.123646974564	0.0279891490936	123			2152.59651836	0
easy03b	trial 48	VPRM	0.17111992836	0.16771197319	0.00340414047241	0.141920089722	0.0257840156555	116			2686.20953428	0
easy03b	trial 49	VPRM	0.169041156769	0.165671825409	0.00336599349976	0.139041900635	0.0266208648682	119			2292.73325256	0
