easy02a	trial 0	V	0.070271730423					8			683.888361322	0
easy02a	trial 0	RRT	0.34707903862					7	5	5	719.068967012	0
easy02a	trial 1	RRT	0.371056079865					15	9	9	802.785714088	0
easy02a	trial 2	RRT	0.712292194366					28	19	25	1815.33725407	0
easy02a	trial 3	RRT	0.281903028488					11	25	26	755.47432509	0
easy02a	trial 4	RRT	0.54282283783					19	29	33	1309.31815413	0
easy02a	trial 5	RRT	1.01223707199					29	39	51	854.631027351	0
easy02a	trial 6	RRT	1.73644208908					43	44	70	737.319100455	0
easy02a	trial 7	RRT	1.54053473473					33	49	77	1073.49349928	0
easy02a	trial 8	RRT	2.79015922546					51	58	105	948.921884733	0
easy02a	trial 9	RRT	2.43106102943					39	64	123	963.254227729	0
easy02a	trial 10	RRT	0.830891132355					13	69	131	744.887593434	0
easy02a	trial 11	RRT	3.13175702095					43	77	163	740.759953551	0
easy02a	trial 12	RRT	1.60266017914					21	81	171	1922.38111809	0
easy02a	trial 13	RRT	0.503330945969					7	82	171	1271.82312898	0
easy02a	trial 14	RRT	5.02193784714					57	90	247	0	1
easy02a	trial 15	RRT	2.40488386154					26	96	254	1160.87156311	0
easy02a	trial 16	RRT	3.78969812393					38	103	261	1802.18019357	0
easy02a	trial 17	RRT	0.426854133606					5	104	261	724.037925787	0
easy02a	trial 18	RRT	0.644381284714					7	109	261	716.251076321	0
easy02a	trial 19	RRT	4.01589798927					37	119	286	802.551274548	0
easy02a	trial 20	RRT	1.61938309669					15	124	294	710.671150195	0
easy02a	trial 21	RRT	1.65960216522					15	129	298	795.906182433	0
easy02a	trial 22	RRT	0.970562696457					9	134	300	717.693145619	0
easy02a	trial 23	RRT	5.1251411438					42	146	340	0	1
easy02a	trial 24	RRT	3.94656705856					31	154	354	809.432835813	0
easy02a	trial 25	RRT	4.81777191162					36	163	366	1340.20323293	0
easy02a	trial 26	RRT	1.85480809212					14	169	370	760.545188334	0
easy02a	trial 27	RRT	2.78957486153					20	177	387	734.779628416	0
easy02a	trial 28	RRT	5.11105108261					35	186	404	0	1
easy02a	trial 29	RRT	5.0277659893					33	195	416	0	1
easy02a	trial 30	RRT	2.09519219398					14	199	421	1939.19624317	0
easy02a	trial 31	RRT	4.51137208939					28	204	436	1624.8569449	0
easy02a	trial 32	RRT	2.02833795547					13	208	437	766.593119583	0
easy02a	trial 33	RRT	5.16440796852					31	216	454	0	1
easy02a	trial 34	RRT	5.145788908					30	222	489	0	1
easy02a	trial 35	RRT	2.18491506577					13	227	489	1002.48306638	0
easy02a	trial 36	RRT	5.04505991936					28	236	514	0	1
easy02a	trial 37	RRT	0.755987882614					5	237	514	696.517848261	0
easy02a	trial 38	RRT	5.03363013268					27	242	524	0	1
easy02a	trial 39	RRT	5.17618703842					27	249	544	0	1
easy02a	trial 40	RRT	5.05204296112					26	260	554	0	1
easy02a	trial 41	RRT	5.17028713226					26	269	563	0	1
easy02a	trial 42	RRT	3.39254617691					17	274	566	749.923116027	0
easy02a	trial 43	RRT	2.99782299995					15	280	570	782.424128129	0
easy02a	trial 44	RRT	5.00102806091					24	288	573	0	1
easy02a	trial 45	RRT	4.86372327805					23	296	587	780.877882271	0
easy02a	trial 46	RRT	5.18620705605					24	301	599	0	1
easy02a	trial 47	RRT	5.12142705917					23	305	606	0	1
easy02a	trial 48	RRT	2.13349604607					10	308	608	755.954186638	0
easy02a	trial 49	RRT	5.19042921066					23	312	633	0	1
easy02a	trial 0	PRM	0.1262819767	0.122982978821	0.00329494476318	0.106353998184	0.0166211128235	116			1891.61771849	0
easy02a	trial 1	PRM	0.120178937912	0.11702299118	0.00315308570862	0.0963840484619	0.0206320285797	122			1753.33736762	0
easy02a	trial 2	PRM	0.120298862457	0.117176055908	0.00311899185181	0.0998749732971	0.0172958374023	119			1080.22080844	0
easy02a	trial 3	PRM	0.128201007843	0.124111890793	0.00408601760864	0.0987980365753	0.025306224823	128			2902.2500498	0
easy02a	trial 4	PRM	0.13476395607	0.131779909134	0.00298118591309	0.115165948868	0.0166058540344	115			1223.85834164	0
easy02a	trial 5	PRM	0.140249013901	0.136934995651	0.00331091880798	0.116899013519	0.0200278759003	120			1681.61912906	0
easy02a	trial 6	PRM	0.148833036423	0.145878791809	0.00295090675354	0.126118898392	0.0197501182556	118			1308.15194699	0
easy02a	trial 7	PRM	0.117357969284	0.113936185837	0.00341987609863	0.0972459316254	0.0166809558868	116			1977.0526156	0
easy02a	trial 8	PRM	0.132064819336	0.129302978516	0.00275897979736	0.111718893051	0.0175759792328	115			1458.93684331	0
easy02a	trial 9	PRM	0.117207050323	0.114099025726	0.00310397148132	0.0933380126953	0.0207509994507	122			1883.83137086	0
easy02a	trial 10	PRM	0.122038125992	0.118557929993	0.0034761428833	0.0981168746948	0.0204300880432	120			1886.48676257	0
easy02a	trial 11	PRM	0.125097990036	0.121933937073	0.00315999984741	0.10154914856	0.020378112793	116			2188.05971104	0
easy02a	trial 12	PRM	0.116780996323	0.113888025284	0.00289011001587	0.0970830917358	0.0167980194092	116			1417.47525082	0
easy02a	trial 13	PRM	0.133111000061	0.129959106445	0.00314903259277	0.0991201400757	0.0308301448822	128			1500.73071946	0
easy02a	trial 14	PRM	0.112680912018	0.109383106232	0.00329494476318	0.0910031795502	0.0183711051941	119			1891.78506648	0
easy02a	trial 15	PRM	0.122646093369	0.119282007217	0.00336194038391	0.0998578071594	0.019415140152	118			2061.42630804	0
easy02a	trial 16	PRM	0.114281892776	0.111231088638	0.00304889678955	0.101004123688	0.0102190971375	111			1694.52967805	0
easy02a	trial 17	PRM	0.130155086517	0.127240180969	0.00291204452515	0.107559919357	0.019672870636	119			1532.71220856	0
easy02a	trial 18	PRM	0.123807191849	0.121099948883	0.00270390510559	0.10390996933	0.0171818733215	116			790.291741656	0
easy02a	trial 19	PRM	0.140537977219	0.136815071106	0.00372004508972	0.102118968964	0.034688949585	131			2332.30001131	0
easy02a	trial 20	PRM	0.136683940887	0.13302898407	0.0036518573761	0.097375869751	0.0356419086456	131			1889.11544693	0
easy02a	trial 21	PRM	0.123104095459	0.12011885643	0.00298309326172	0.103615999222	0.016496181488	116			2304.80930289	0
easy02a	trial 22	PRM	0.12517619133	0.12219786644	0.00297379493713	0.104485988617	0.0177011489868	119			1231.23768757	0
easy02a	trial 23	PRM	0.119430065155	0.116120815277	0.00330591201782	0.0959949493408	0.0201179981232	118			2430.28880199	0
easy02a	trial 24	PRM	0.120566129684	0.115833044052	0.0047299861908	0.096134185791	0.019690990448	118			1612.27856979	0
easy02a	trial 25	PRM	0.128207921982	0.124930143356	0.00327396392822	0.105849981308	0.0190699100494	121			2541.98800789	0
easy02a	trial 26	PRM	0.135682821274	0.132375001907	0.00330591201782	0.114188909531	0.018177986145	118			2626.71319626	0
easy02a	trial 27	PRM	0.112468004227	0.109528779984	0.00293397903442	0.100710868835	0.00880599021912	111			1652.49415778	0
easy02a	trial 28	PRM	0.139921188354	0.136640787125	0.00327587127686	0.106951951981	0.0296809673309	122			2474.8741775	0
easy02a	trial 29	PRM	0.113752841949	0.110298871994	0.00345087051392	0.0911240577698	0.0191659927368	120			2392.00219942	0
easy02a	trial 30	PRM	0.123355865479	0.120518922806	0.00283098220825	0.102971076965	0.0175371170044	114			2448.0086211	0
easy02a	trial 31	PRM	0.126214027405	0.123089790344	0.00311994552612	0.105200052261	0.0178821086884	120			2950.85946628	0
easy02a	trial 32	PRM	0.128937959671	0.125572919846	0.00336194038391	0.0991699695587	0.0263960361481	124			1312.41287677	0
easy02a	trial 33	PRM	0.123497962952	0.12016916275	0.00332593917847	0.102016925812	0.0181448459625	116			4102.56802974	0
easy02a	trial 34	PRM	0.122464895248	0.119460105896	0.00300192832947	0.103953123093	0.0154979228973	118			1568.80209381	0
easy02a	trial 35	PRM	0.140361070633	0.13587808609	0.00447797775269	0.103688001633	0.0321779251099	118			1646.08669742	0
easy02a	trial 36	PRM	0.131514787674	0.128340005875	0.00317192077637	0.110858917236	0.0174729824066	115			1637.28817776	0
easy02a	trial 37	PRM	0.151819944382	0.148236989975	0.00357699394226	0.109080076218	0.0391440391541	127			1574.29277817	0
easy02a	trial 38	PRM	0.134469985962	0.131201028824	0.00326299667358	0.109428167343	0.0217649936676	120			2839.96783373	0
easy02a	trial 39	PRM	0.139183998108	0.135838985443	0.00334119796753	0.115070104599	0.0207622051239	122			3580.44814822	0
easy02a	trial 40	PRM	0.116930007935	0.113997936249	0.00292801856995	0.0964109897614	0.0175800323486	115			1362.67469464	0
easy02a	trial 41	PRM	0.145107984543	0.141293048859	0.00381112098694	0.102229118347	0.0390541553497	135			2675.7650974	0
easy02a	trial 42	PRM	0.109794139862	0.106832027435	0.00295400619507	0.0981359481812	0.00868582725525	110			1740.135441	0
easy02a	trial 43	PRM	0.159825086594	0.156054019928	0.0037670135498	0.124126911163	0.0319178104401	126			2512.91010435	0
easy02a	trial 44	PRM	0.129503965378	0.126113176346	0.00338792800903	0.103101015091	0.0230021476746	121			2342.60797115	0
easy02a	trial 45	PRM	0.122768878937	0.119778871536	0.00298690795898	0.0973060131073	0.0224659442902	122			1092.06511475	0
easy02a	trial 46	PRM	0.119574069977	0.116465091705	0.00310611724854	0.0926198959351	0.0238389968872	122			1872.79558361	0
easy02a	trial 47	PRM	0.113685131073	0.110725879669	0.00295519828796	0.0999310016632	0.0107882022858	111			1574.3124182	0
easy02a	trial 48	PRM	0.135457038879	0.1324031353	0.00305008888245	0.113480806351	0.0189158916473	119			3394.51130363	0
easy02a	trial 49	PRM	0.140804052353	0.137501001358	0.00329899787903	0.119343042374	0.0181479454041	118			2602.92452542	0
easy02a	trial 0	VRRT	0.0377562046051					28	9	9	1187.84847703	0
easy02a	trial 1	VRRT	0.0140020847321					19	15	12	758.799899485	0
easy02a	trial 2	VRRT	0.0141000747681					17	19	18	1114.2487959	0
easy02a	trial 3	VRRT	0.0145642757416					13	26	24	1017.36066521	0
easy02a	trial 4	VRRT	0.0160570144653					20	31	27	1045.28669627	0
easy02a	trial 5	VRRT	0.0243592262268					30	41	33	1135.07360496	0
easy02a	trial 6	VRRT	0.0292270183563					27	49	59	788.037180745	0
easy02a	trial 7	VRRT	0.0123229026794					16	54	60	1076.82216494	0
easy02a	trial 8	VRRT	0.0109598636627					11	56	60	904.996871582	0
easy02a	trial 9	VRRT	0.0648498535156					68	69	110	1786.44708635	0
easy02a	trial 10	VRRT	0.0485088825226					51	74	145	1793.81056826	0
easy02a	trial 11	VRRT	0.0663170814514					61	81	211	1741.41811844	0
easy02a	trial 12	VRRT	0.0806200504303					69	88	281	1644.19766274	0
easy02a	trial 13	VRRT	0.00990271568298					11	91	289	730.346840445	0
easy02a	trial 14	VRRT	0.0225279331207					23	99	313	1777.0621208	0
easy02a	trial 15	VRRT	0.0256562232971					25	101	336	1348.26348003	0
easy02a	trial 16	VRRT	0.0504331588745					50	113	375	1364.16396645	0
easy02a	trial 17	VRRT	0.0264158248901					28	119	385	1572.89195887	0
easy02a	trial 18	VRRT	0.0131618976593					12	123	389	1253.65364975	0
easy02a	trial 19	VRRT	0.0267887115479					27	129	413	1675.48986189	0
easy02a	trial 20	VRRT	0.043998003006					46	138	454	1129.86803058	0
easy02a	trial 21	VRRT	0.0173540115356					20	143	460	1908.82000644	0
easy02a	trial 22	VRRT	0.0522708892822					53	154	500	744.473884953	0
easy02a	trial 23	VRRT	0.016184091568					16	159	512	1757.33234645	0
easy02a	trial 24	VRRT	0.0392189025879					32	165	558	1280.44935004	0
easy02a	trial 25	VRRT	0.0109901428223					14	172	560	765.853231147	0
easy02a	trial 26	VRRT	0.00909733772278					9	176	564	1514.0608777	0
easy02a	trial 27	VRRT	0.0459589958191					49	180	607	1753.921647	0
easy02a	trial 28	VRRT	0.0299379825592					24	187	639	760.759336554	0
easy02a	trial 29	VRRT	0.013298034668					13	191	644	1153.65164484	0
easy02a	trial 30	VRRT	0.0372648239136					37	198	674	2177.29768985	0
easy02a	trial 31	VRRT	0.0347461700439					33	202	711	1513.90987659	0
easy02a	trial 32	VRRT	0.0662870407104					64	213	762	2134.9887605	0
easy02a	trial 33	VRRT	0.0278310775757					29	218	781	1781.95767466	0
easy02a	trial 34	VRRT	0.0857887268066					78	231	843	1118.88483309	0
easy02a	trial 35	VRRT	0.0408511161804					40	236	878	1531.87436433	0
easy02a	trial 36	VRRT	0.0506110191345					56	250	913	1298.71193792	0
easy02a	trial 37	VRRT	0.0106811523438					17	255	914	712.817876258	0
easy02a	trial 38	VRRT	0.0120129585266					14	260	920	845.694257585	0
easy02a	trial 39	VRRT	0.00469088554382					6	261	920	715.836417716	0
easy02a	trial 40	VRRT	0.0026478767395					3	261	921	704.042321272	0
easy02a	trial 41	VRRT	0.0341100692749					41	268	950	1442.05602736	0
easy02a	trial 42	VRRT	0.00682187080383					8	272	951	707.121826638	0
easy02a	trial 43	VRRT	0.0696830749512					67	283	1014	2079.96697031	0
easy02a	trial 44	VRRT	0.00979709625244					9	287	1017	1114.04390793	0
easy02a	trial 45	VRRT	0.0333869457245					35	295	1044	808.489543256	0
easy02a	trial 46	VRRT	0.00726699829102					8	299	1044	734.186546652	0
easy02a	trial 47	VRRT	0.0422110557556					45	302	1077	1639.10523912	0
easy02a	trial 48	VRRT	0.0193302631378					23	309	1085	1500.90023533	0
easy02a	trial 49	VRRT	0.368563175201					206	320	1316	2341.24950042	0
easy02a	trial 0	VPRM	0.127373933792	0.124055147171	0.00331497192383	0.104657888412	0.019387960434	117			1815.79629588	0
easy02a	trial 1	VPRM	0.118988037109	0.115771055222	0.00321292877197	0.095379114151	0.0203859806061	119			1894.66786927	0
easy02a	trial 2	VPRM	0.122792959213	0.119655132294	0.00313591957092	0.100310087204	0.0193378925323	119			2074.52664136	0
easy02a	trial 3	VPRM	0.125375032425	0.12224316597	0.00312900543213	0.105357885361	0.0168778896332	115			2947.00006221	0
easy02a	trial 4	VPRM	0.125970125198	0.122797012329	0.00317001342773	0.105684995651	0.0171039104462	119			1871.98283195	0
easy02a	trial 5	VPRM	0.116129159927	0.113083839417	0.00304198265076	0.0971169471741	0.0159611701965	116			1397.22409246	0
easy02a	trial 6	VPRM	0.120645999908	0.117413043976	0.00322985649109	0.100974082947	0.0164310932159	117			1526.43865335	0
easy02a	trial 7	VPRM	0.123045921326	0.119976043701	0.00306701660156	0.101984024048	0.0179829597473	120			1422.24212731	0
easy02a	trial 8	VPRM	0.117403030396	0.114455938339	0.00294399261475	0.097109079361	0.0173411369324	120			1236.60854147	0
easy02a	trial 9	VPRM	0.110557079315	0.107691049576	0.00286197662354	0.0997750759125	0.00790905952454	104			2042.72334699	0
easy02a	trial 10	VPRM	0.12029004097	0.117523908615	0.00276207923889	0.102087020874	0.0154311656952	111			1182.4495356	0
easy02a	trial 11	VPRM	0.122060060501	0.118921995163	0.00313401222229	0.0992510318756	0.0196619033813	119			1980.3484991	0
easy02a	trial 12	VPRM	0.180292129517	0.177034139633	0.00325393676758	0.139779806137	0.0372388362885	132			1442.11265994	0
easy02a	trial 13	VPRM	0.146808862686	0.143111944199	0.0036940574646	0.124848127365	0.0182468891144	117			2442.23031035	0
easy02a	trial 14	VPRM	0.130347013474	0.127245903015	0.00309586524963	0.10933303833	0.0178999900818	118			1469.00932821	0
easy02a	trial 15	VPRM	0.146595001221	0.142445802689	0.00414490699768	0.106663942337	0.0357720851898	130			2797.33992451	0
easy02a	trial 16	VPRM	0.12219786644	0.118844032288	0.00335192680359	0.101562976837	0.0172729492188	119			2364.84052841	0
easy02a	trial 17	VPRM	0.118926048279	0.116077899933	0.00284504890442	0.0943279266357	0.0217409133911	117			1430.4296399	0
easy02a	trial 18	VPRM	0.137306928635	0.13415312767	0.00315093994141	0.113903999329	0.0202260017395	120			1315.34730558	0
easy02a	trial 19	VPRM	0.132481098175	0.129219055176	0.00325798988342	0.100698947906	0.0285129547119	133			2077.23310231	0
easy02a	trial 20	VPRM	0.122169971466	0.119287967682	0.00287914276123	0.102318048477	0.0169630050659	118			1017.28056923	0
easy02a	trial 21	VPRM	0.127384901047	0.124294996262	0.00308609008789	0.105572938919	0.0187160968781	122			2846.49351408	0
easy02a	trial 22	VPRM	0.129129886627	0.126267910004	0.00285792350769	0.1101770401	0.0160830020905	119			1636.7987178	0
easy02a	trial 23	VPRM	0.126024961472	0.123182058334	0.00284004211426	0.102888822556	0.0202832221985	117			1638.21365222	0
easy02a	trial 24	VPRM	0.121794939041	0.118741989136	0.00304913520813	0.0999760627747	0.0187571048737	117			972.416583815	0
easy02a	trial 25	VPRM	0.12038898468	0.117496967316	0.00288605690002	0.106631994247	0.0108578205109	112			2131.36131169	0
easy02a	trial 26	VPRM	0.135093212128	0.132488965988	0.00260090827942	0.113791942596	0.01868891716	119			1033.19040959	0
easy02a	trial 27	VPRM	0.135591030121	0.132484912872	0.00310301780701	0.109698057175	0.0227799415588	118			2212.35225148	0
easy02a	trial 28	VPRM	0.127424955368	0.124125003815	0.00329804420471	0.108415126801	0.015702009201	112			1315.20951716	0
easy02a	trial 29	VPRM	0.112750053406	0.109924077988	0.00282311439514	0.0936892032623	0.0162289142609	117			1278.37150092	0
easy02a	trial 30	VPRM	0.140743017197	0.137637138367	0.00310397148132	0.120143175125	0.0174860954285	113			2789.26704507	0
easy02a	trial 31	VPRM	0.141832828522	0.138537883759	0.00329089164734	0.118765115738	0.0197660923004	119			2659.1759906	0
easy02a	trial 32	VPRM	0.122199058533	0.11941409111	0.00278210639954	0.100997209549	0.0184090137482	120			908.01215437	0
easy02a	trial 33	VPRM	0.145596027374	0.142459154129	0.00313401222229	0.127175807953	0.0152750015259	114			1647.37581674	0
easy02a	trial 34	VPRM	0.126947879791	0.124176025391	0.00276803970337	0.104031085968	0.0201368331909	120			1096.99071525	0
easy02a	trial 35	VPRM	0.135744810104	0.132563114166	0.00317597389221	0.115142822266	0.0174129009247	119			2823.26737962	0
easy02a	trial 36	VPRM	0.136584043503	0.133415937424	0.00316596031189	0.105834960938	0.0275738239288	129			915.10608961	0
easy02a	trial 37	VPRM	0.155119895935	0.152046918869	0.00306987762451	0.119167089462	0.0328688621521	128			1966.67614073	0
easy02a	trial 38	VPRM	0.109390974045	0.106685161591	0.00270295143127	0.0968501567841	0.00982809066772	111			1786.77547493	0
easy02a	trial 39	VPRM	0.135690927505	0.132707118988	0.00298094749451	0.0988130569458	0.0338768959045	133			1008.01428487	0
easy02a	trial 40	VPRM	0.143119096756	0.140050888062	0.00306415557861	0.121877908707	0.0181660652161	117			2244.46388159	0
easy02a	trial 41	VPRM	0.109256982803	0.1061398983	0.00311517715454	0.0902729034424	0.015860080719	115			1499.00129737	0
easy02a	trial 42	VPRM	0.124281167984	0.120950222015	0.00332689285278	0.0988519191742	0.0220909118652	122			2441.59900484	0
easy02a	trial 43	VPRM	0.137213945389	0.13308095932	0.00413012504578	0.110779047012	0.022293806076	121			1037.50043983	0
easy02a	trial 44	VPRM	0.145723104477	0.142557859421	0.00316214561462	0.121580839157	0.0209691524506	123			2605.42813783	0
easy02a	trial 45	VPRM	0.145471096039	0.142571926117	0.00289511680603	0.122341871262	0.0202219486237	115			1431.33346822	0
easy02a	trial 46	VPRM	0.124125003815	0.120876073837	0.00324487686157	0.103355884552	0.0175130367279	119			1203.8861049	0
easy02a	trial 47	VPRM	0.156332969666	0.153171062469	0.00315809249878	0.135709047318	0.0174541473389	117			2079.44539269	0
easy02a	trial 48	VPRM	0.124888896942	0.118798017502	0.00608515739441	0.0950360298157	0.0237548351288	121			2573.77731544	0
easy02a	trial 49	VPRM	0.136250019073	0.131819963455	0.00442600250244	0.111200094223	0.0206050872803	117			2640.22036657	0
