medium04a	trial 0	V	0.141309261322					16			765.17215213	0
medium04a	trial 0	RRT	0.886593103409					29	8	42	1117.82567104	0
medium04a	trial 1	RRT	1.39760112762					50	16	123	987.825925816	0
medium04a	trial 2	RRT	2.45013809204					64	28	227	1021.74534947	0
medium04a	trial 3	RRT	1.81378173828					39	37	278	1070.21648444	0
medium04a	trial 4	RRT	1.34277105331					26	43	301	1312.31588479	0
medium04a	trial 5	RRT	1.03460717201					19	49	330	1056.10642944	0
medium04a	trial 6	RRT	3.8151409626					60	56	396	1050.69800578	0
medium04a	trial 7	RRT	0.997254133224					15	61	420	921.289040382	0
medium04a	trial 8	RRT	5.01471805573					64	73	603	0	1
medium04a	trial 9	RRT	1.29919075966					16	79	648	927.909670842	0
medium04a	trial 10	RRT	5.07626104355					56	86	720	0	1
medium04a	trial 11	RRT	3.94059419632					40	92	806	1188.22679297	0
medium04a	trial 12	RRT	0.861222028732					9	97	845	952.772743858	0
medium04a	trial 13	RRT	5.07638406754					47	107	901	0	1
medium04a	trial 14	RRT	5.08372211456					44	118	957	0	1
medium04a	trial 15	RRT	5.03776693344					41	125	992	0	1
medium04a	trial 16	RRT	5.08579397202					39	133	1063	0	1
medium04a	trial 17	RRT	5.04154586792					37	145	1114	0	1
medium04a	trial 18	RRT	5.00586509705					35	154	1166	0	1
medium04a	trial 19	RRT	5.06374192238					34	165	1228	0	1
medium04a	trial 20	RRT	1.09710407257					8	167	1229	1124.07261622	0
medium04a	trial 21	RRT	5.07031106949					32	177	1301	0	1
medium04a	trial 22	RRT	5.12805199623					32	184	1330	0	1
medium04a	trial 23	RRT	5.12581181526					31	193	1352	0	1
medium04a	trial 24	RRT	5.15746283531					30	201	1390	0	1
medium04a	trial 25	RRT	5.12683916092					29	211	1462	0	1
medium04a	trial 26	RRT	3.1698782444					18	216	1499	954.352398871	0
medium04a	trial 27	RRT	5.02677989006					27	224	1644	0	1
medium04a	trial 28	RRT	5.09200692177					27	235	1705	0	1
medium04a	trial 29	RRT	5.00741004944					26	243	1746	0	1
medium04a	trial 30	RRT	5.17765307426					26	249	1813	0	1
medium04a	trial 31	RRT	5.06206083298					25	256	1857	0	1
medium04a	trial 32	RRT	5.16067695618					25	266	1898	0	1
medium04a	trial 33	RRT	5.04140496254					24	272	1979	0	1
medium04a	trial 34	RRT	1.10219597816					6	275	1979	784.983942249	0
medium04a	trial 35	RRT	1.56779503822					8	277	1990	893.365920371	0
medium04a	trial 36	RRT	1.832072258					9	280	2005	1017.96347986	0
medium04a	trial 37	RRT	5.04357600212					23	288	2118	0	1
medium04a	trial 38	RRT	5.10865712166					23	295	2227	0	1
medium04a	trial 39	RRT	5.17515492439					23	303	2253	0	1
medium04a	trial 40	RRT	5.01019406319					22	309	2284	0	1
medium04a	trial 41	RRT	5.15014100075					22	315	2388	0	1
medium04a	trial 42	RRT	2.23729300499					10	318	2423	821.360708811	0
medium04a	trial 43	RRT	5.0335111618					21	325	2474	0	1
medium04a	trial 44	RRT	5.08857584					21	329	2594	0	1
medium04a	trial 45	RRT	5.13434290886					21	332	2627	0	1
medium04a	trial 46	RRT	5.19681191444					21	338	2679	0	1
medium04a	trial 47	RRT	5.09400296211					20	345	2772	0	1
medium04a	trial 48	RRT	5.15491104126					20	349	2857	0	1
medium04a	trial 49	RRT	3.51236605644					14	354	2865	899.381549031	0
medium04a	trial 0	PRM	0.128284931183	0.125601053238	0.00267887115479	0.106106996536	0.0194861888885	115			1190.89380708	0
medium04a	trial 1	PRM	0.205706119537	0.202399015427	0.00330376625061	0.182563781738	0.019819021225	116			1928.05346898	0
medium04a	trial 2	PRM	0.200843095779	0.197431087494	0.00340890884399	0.174134969711	0.0232880115509	118			2818.66059927	0
medium04a	trial 3	PRM	0.197981119156	0.195327997208	0.00265097618103	0.186205863953	0.00911498069763	107			973.229204481	0
medium04a	trial 4	PRM	0.193203926086	0.189455032349	0.00374507904053	0.149650096893	0.0397899150848	133			1944.72059521	0
medium04a	trial 5	PRM	0.209469079971	0.206758022308	0.00270700454712	0.185034990311	0.0217151641846	117			1157.13086547	0
medium04a	trial 6	PRM	0.1479139328	0.144366025925	0.00354504585266	0.118884801865	0.0254719257355	120			2014.92282052	0
medium04a	trial 7	PRM	0.133476018906	0.13063621521	0.00283789634705	0.10932302475	0.0213060379028	118			1219.25183703	0
medium04a	trial 8	PRM	0.212535142899	0.209564208984	0.00295805931091	0.185410022736	0.0241439342499	117			1427.86266218	0
medium04a	trial 9	PRM	0.143467903137	0.140132904053	0.00333189964294	0.119868993759	0.0202560424805	117			2446.67521216	0
medium04a	trial 10	PRM	0.157717943192	0.155122041702	0.00259208679199	0.123778820038	0.0313310623169	120			1128.98541277	0
medium04a	trial 11	PRM	0.20209312439	0.198126077652	0.00396180152893	0.165004968643	0.0331039428711	121			1179.04445203	0
medium04a	trial 12	PRM	0.156903982162	0.153777122498	0.00312304496765	0.12779211998	0.025976896286	122			2244.97210335	0
medium04a	trial 13	PRM	0.276330947876	0.273763895035	0.00256299972534	0.262135982513	0.0116200447083	111			1353.84617237	0
medium04a	trial 14	PRM	0.141097068787	0.138049840927	0.00304293632507	0.127644062042	0.0103991031647	110			1517.05364425	0
medium04a	trial 15	PRM	0.180163145065	0.177301883698	0.00285816192627	0.157494068146	0.0198001861572	114			1384.71272725	0
medium04a	trial 16	PRM	0.184020042419	0.180412054062	0.0036039352417	0.143146038055	0.0372529029846	125			2124.71032807	0
medium04a	trial 17	PRM	0.169476032257	0.166174173355	0.00329804420471	0.12616109848	0.0400059223175	132			1385.61458311	0
medium04a	trial 18	PRM	0.195321083069	0.192572116852	0.00274610519409	0.171901941299	0.0206620693207	116			1407.82002776	0
medium04a	trial 19	PRM	0.291584014893	0.284082174301	0.00749707221985	0.223743915558	0.0603220462799	134			2283.51963812	0
medium04a	trial 20	PRM	0.23530292511	0.229707956314	0.00558996200562	0.202880144119	0.0268149375916	115			2127.14106195	0
medium04a	trial 21	PRM	0.162683010101	0.159518957138	0.00315809249878	0.137305021286	0.0222051143646	117			1471.29924523	0
medium04a	trial 22	PRM	0.143453121185	0.14018702507	0.00326299667358	0.119080066681	0.0211000442505	117			2157.82986736	0
medium04a	trial 23	PRM	0.163161039352	0.160276174545	0.00288105010986	0.143020868301	0.0172469615936	109			2004.90990768	0
medium04a	trial 24	PRM	0.170282125473	0.167706012726	0.00257301330566	0.158075809479	0.00962209701538	108			1477.8892892	0
medium04a	trial 25	PRM	0.16445684433	0.161334991455	0.00311803817749	0.137413978577	0.0239100456238	117			1815.21681895	0
medium04a	trial 26	PRM	0.179216146469	0.175993919373	0.00321817398071	0.130079984665	0.0458929538727	128			1290.39391093	0
medium04a	trial 27	PRM	0.271291971207	0.268496990204	0.00279307365417	0.247159957886	0.0213289260864	116			1227.42923819	0
medium04a	trial 28	PRM	0.156785964966	0.153553962708	0.00322794914246	0.131954908371	0.0215909481049	120			1862.56165203	0
medium04a	trial 29	PRM	0.149384975433	0.145674943924	0.00370597839355	0.109028100967	0.0366389751434	131			2346.57498642	0
medium04a	trial 30	PRM	0.143340110779	0.140209197998	0.00312805175781	0.111454963684	0.0287420749664	116			1500.77110073	0
medium04a	trial 31	PRM	0.170833110809	0.167622804642	0.00320792198181	0.145241975784	0.0223729610443	119			1772.74078706	0
medium04a	trial 32	PRM	0.196366071701	0.193024158478	0.00333905220032	0.17387509346	0.019140958786	118			1632.86841508	0
medium04a	trial 33	PRM	0.143172025681	0.139717102051	0.00345206260681	0.117259025574	0.0224499702454	119			2326.05483688	0
medium04a	trial 34	PRM	0.133908033371	0.130879878998	0.00302600860596	0.109956979752	0.0209150314331	117			1489.75532903	0
medium04a	trial 35	PRM	0.262209177017	0.258268117905	0.0039370059967	0.206147909164	0.0521039962769	130			1953.32837111	0
medium04a	trial 36	PRM	0.147142887115	0.143945932388	0.00319385528564	0.122031927109	0.0219070911407	119			1556.07060308	0
medium04a	trial 37	PRM	0.168620109558	0.164732933044	0.00388312339783	0.139543056488	0.0251801013947	124			2062.87926202	0
medium04a	trial 38	PRM	0.147704124451	0.144329786301	0.0033700466156	0.116566896439	0.0277559757233	121			1898.76320251	0
medium04a	trial 39	PRM	0.15480017662	0.151697874069	0.00309896469116	0.122288942337	0.0293998718262	122			1278.31842384	0
medium04a	trial 40	PRM	0.281833171844	0.278930902481	0.00289916992188	0.255163908005	0.0237529277802	117			1302.45585994	0
medium04a	trial 41	PRM	0.154648065567	0.151499032974	0.00314593315125	0.131049871445	0.0204389095306	113			2391.43402561	0
medium04a	trial 42	PRM	0.204544067383	0.201831817627	0.00270986557007	0.180850982666	0.0209741592407	117			1245.51600709	0
medium04a	trial 43	PRM	0.174571037292	0.171761035919	0.00280690193176	0.154353141785	0.0174009799957	111			1187.8741474	0
medium04a	trial 44	PRM	0.132240056992	0.129573106766	0.0026650428772	0.110256910324	0.0193059444427	116			994.445274784	0
medium04a	trial 45	PRM	0.228942871094	0.223528146744	0.00540900230408	0.172980070114	0.0505309104919	122			1257.53449287	0
medium04a	trial 46	PRM	0.15943312645	0.156059980392	0.00337100028992	0.131056070328	0.0249960422516	119			1921.00878003	0
medium04a	trial 47	PRM	0.164297819138	0.16121006012	0.00308394432068	0.123889923096	0.0373129844666	126			1126.50333902	0
medium04a	trial 48	PRM	0.137428998947	0.134474992752	0.00295114517212	0.111062049866	0.0234031677246	117			1547.0231263	0
medium04a	trial 49	PRM	0.146342992783	0.143320083618	0.00302004814148	0.117857933044	0.0254549980164	121			1110.94693938	0
medium04a	trial 0	VRRT	0.0588321685791					26	4	74	2244.67864024	0
medium04a	trial 1	VRRT	0.0449440479279					21	9	124	892.06695101	0
medium04a	trial 2	VRRT	0.0561039447784					26	15	186	2058.04443085	0
medium04a	trial 3	VRRT	0.0491051673889					24	20	231	2365.06605544	0
medium04a	trial 4	VRRT	0.0298728942871					19	25	262	1320.44760052	0
medium04a	trial 5	VRRT	0.0564200878143					27	30	332	789.765260601	0
medium04a	trial 6	VRRT	0.0567500591278					30	37	387	2173.32707626	0
medium04a	trial 7	VRRT	0.0329570770264					20	43	410	2402.28618048	0
medium04a	trial 8	VRRT	0.0645952224731					25	49	484	2028.89164434	0
medium04a	trial 9	VRRT	0.0270900726318					11	54	511	1091.46140441	0
medium04a	trial 10	VRRT	0.0381228923798					24	60	544	2469.29170501	0
medium04a	trial 11	VRRT	0.0702860355377					32	65	648	2158.63753032	0
medium04a	trial 12	VRRT	0.0672841072083					56	75	699	1047.84593975	0
medium04a	trial 13	VRRT	0.174696207047					106	87	854	1275.95792109	0
medium04a	trial 14	VRRT	0.0300250053406					20	91	872	813.666044395	0
medium04a	trial 15	VRRT	0.0876801013947					51	103	960	1153.52959771	0
medium04a	trial 16	VRRT	0.0683109760284					50	112	1018	1202.57546779	0
medium04a	trial 17	VRRT	0.0548639297485					27	120	1085	1728.65600151	0
medium04a	trial 18	VRRT	0.111481189728					51	129	1215	1228.61219681	0
medium04a	trial 19	VRRT	0.0492587089539					38	136	1254	1163.03723219	0
medium04a	trial 20	VRRT	0.00958824157715					10	139	1256	903.723749096	0
medium04a	trial 21	VRRT	0.0201690196991					14	145	1274	832.068914618	0
medium04a	trial 22	VRRT	0.044037103653					30	153	1318	1265.00666285	0
medium04a	trial 23	VRRT	0.0861158370972					62	162	1401	1235.45786844	0
medium04a	trial 24	VRRT	0.165193080902					94	174	1564	1101.86607664	0
medium04a	trial 25	VRRT	0.0556600093842					24	179	1621	918.595935267	0
medium04a	trial 26	VRRT	0.084193944931					37	186	1718	1046.99645916	0
medium04a	trial 27	VRRT	0.0380129814148					31	192	1739	1159.34103425	0
medium04a	trial 28	VRRT	0.0217280387878					19	196	1755	1157.14349483	0
medium04a	trial 29	VRRT	0.201914072037					122	204	1923	959.639835508	0
medium04a	trial 30	VRRT	0.0269470214844					17	212	1953	895.298837943	0
medium04a	trial 31	VRRT	0.0770771503448					45	222	2030	898.138160018	0
medium04a	trial 32	VRRT	0.137342214584					91	235	2137	1014.01487321	0
medium04a	trial 33	VRRT	0.0252101421356					16	240	2161	932.969213912	0
medium04a	trial 34	VRRT	0.0208351612091					13	244	2179	1075.4182083	0
medium04a	trial 35	VRRT	0.161356925964					96	253	2314	1263.85848326	0
medium04a	trial 36	VRRT	0.301404953003					154	265	2554	928.886833081	0
medium04a	trial 37	VRRT	0.0626649856567					51	276	2600	1314.39238299	0
medium04a	trial 38	VRRT	0.230481147766					122	294	2785	1307.93635318	0
medium04a	trial 39	VRRT	0.0713858604431					49	303	2842	1228.81327851	0
medium04a	trial 40	VRRT	0.177049875259					97	314	2999	967.668924286	0
medium04a	trial 41	VRRT	0.0889728069305					58	323	3082	941.928187987	0
medium04a	trial 42	VRRT	0.0478868484497					16	329	3152	945.159124533	0
medium04a	trial 43	VRRT	0.0727269649506					47	342	3220	985.25013855	0
medium04a	trial 44	VRRT	0.0922138690948					68	360	3290	1054.87519391	0
medium04a	trial 45	VRRT	0.0735099315643					56	369	3351	1071.54521804	0
medium04a	trial 46	VRRT	0.0698010921478					37	375	3435	1431.92145195	0
medium04a	trial 47	VRRT	0.0360369682312					26	382	3462	968.411758128	0
medium04a	trial 48	VRRT	0.0699739456177					30	390	3545	967.752001406	0
medium04a	trial 49	VRRT	0.0715410709381					35	397	3638	1002.91198664	0
medium04a	trial 0	VPRM	0.237329006195	0.234565019608	0.00275897979736	0.212974071503	0.0215780735016	113			1210.0298919	0
medium04a	trial 1	VPRM	0.314520835876	0.311497926712	0.00301694869995	0.290161132812	0.0213279724121	117			1461.47369247	0
medium04a	trial 2	VPRM	0.195383071899	0.192508935928	0.00287103652954	0.170054197311	0.0224349498749	118			1304.53417219	0
medium04a	trial 3	VPRM	0.239781141281	0.236769199371	0.00300884246826	0.214039802551	0.0227210521698	116			1832.81996186	0
medium04a	trial 4	VPRM	0.168141126633	0.165256977081	0.00288200378418	0.142232894897	0.0230159759521	117			1012.2027511	0
medium04a	trial 5	VPRM	0.164600849152	0.161165952682	0.00343084335327	0.140244960785	0.0209140777588	115			1829.93853599	0
medium04a	trial 6	VPRM	0.149430990219	0.146654129028	0.00277400016785	0.123924970627	0.0227229595184	119			1395.35694973	0
medium04a	trial 7	VPRM	0.166676998138	0.163748025894	0.002925157547	0.13978600502	0.0239539146423	118			1280.71936893	0
medium04a	trial 8	VPRM	0.216637849808	0.212491989136	0.00414204597473	0.184365034103	0.0281109809875	121			1531.70173115	0
medium04a	trial 9	VPRM	0.231996059418	0.229193925858	0.00279903411865	0.216533899307	0.0126519203186	110			1243.25160837	0
medium04a	trial 10	VPRM	0.145828962326	0.143103122711	0.00272297859192	0.133692026138	0.0094039440155	108			1410.74174753	0
medium04a	trial 11	VPRM	0.141223907471	0.137909889221	0.00330996513367	0.116057157516	0.0218441486359	117			2162.43718651	0
medium04a	trial 12	VPRM	0.17031788826	0.167100906372	0.00321388244629	0.141996145248	0.0250930786133	121			1219.74323531	0
medium04a	trial 13	VPRM	0.274482965469	0.271457195282	0.00302290916443	0.259391069412	0.0120599269867	111			2075.32806561	0
medium04a	trial 14	VPRM	0.168193817139	0.165156841278	0.00303387641907	0.144779920578	0.020369052887	112			2002.0223001	0
medium04a	trial 15	VPRM	0.180083036423	0.176654100418	0.00342607498169	0.142589092255	0.034059047699	131			2394.34442234	0
medium04a	trial 16	VPRM	0.139621973038	0.136151075363	0.00346803665161	0.110668897629	0.0254740715027	121			2439.11547516	0
medium04a	trial 17	VPRM	0.176930904388	0.174220085144	0.00270700454712	0.13890504837	0.035304069519	126			1124.63416999	0
medium04a	trial 18	VPRM	0.191382884979	0.188256025314	0.00312399864197	0.151397943497	0.0368440151215	120			1330.97236637	0
medium04a	trial 19	VPRM	0.165476083755	0.162568807602	0.00290393829346	0.139534950256	0.0230271816254	120			1762.49651741	0
medium04a	trial 20	VPRM	0.207009792328	0.204153060913	0.00285291671753	0.181482076645	0.0226640701294	119			1168.48436751	0
medium04a	trial 21	VPRM	0.164137125015	0.161273956299	0.00285983085632	0.138474225998	0.0227921009064	119			1220.5456633	0
medium04a	trial 22	VPRM	0.224209070206	0.220410108566	0.00379300117493	0.177772045135	0.0426299571991	133			1489.26170744	0
medium04a	trial 23	VPRM	0.223680973053	0.220328092575	0.00334906578064	0.178176164627	0.0421440601349	130			1531.35996053	0
medium04a	trial 24	VPRM	0.197933912277	0.195173025131	0.00275707244873	0.168857097626	0.0263068675995	120			1458.10829903	0
medium04a	trial 25	VPRM	0.15939617157	0.156312942505	0.00308012962341	0.131552934647	0.0247550010681	116			1428.5944738	0
medium04a	trial 26	VPRM	0.14489197731	0.14187002182	0.00302004814148	0.118831157684	0.0230331420898	122			1620.4766107	0
medium04a	trial 27	VPRM	0.158843040466	0.155077934265	0.00375890731812	0.12312912941	0.0319390296936	119			1938.24809166	0
medium04a	trial 28	VPRM	0.168153047562	0.164850950241	0.00329899787903	0.142249107361	0.0225949287415	118			1542.01987525	0
medium04a	trial 29	VPRM	0.161548137665	0.158903837204	0.00264096260071	0.134027004242	0.0248711109161	120			1371.24170181	0
medium04a	trial 30	VPRM	0.176635026932	0.173935174942	0.0026969909668	0.153237104416	0.0206918716431	116			1442.13169113	0
medium04a	trial 31	VPRM	0.223685979843	0.219680786133	0.00399994850159	0.177784919739	0.0418829917908	117			1258.16747777	0
medium04a	trial 32	VPRM	0.131191968918	0.128205060959	0.00298404693604	0.10374879837	0.0244491100311	120			1273.93416878	0
medium04a	trial 33	VPRM	0.148365020752	0.145291090012	0.00307106971741	0.11293387413	0.032338142395	118			1628.16420444	0
medium04a	trial 34	VPRM	0.172642946243	0.169747114182	0.00289297103882	0.148155927658	0.0215828418732	119			1129.35188597	0
medium04a	trial 35	VPRM	0.131787061691	0.128591060638	0.00319409370422	0.104316949844	0.0242660045624	119			1342.75847525	0
medium04a	trial 36	VPRM	0.201507091522	0.198256015778	0.00324702262878	0.175071954727	0.0231778621674	116			1932.38860273	0
medium04a	trial 37	VPRM	0.144170999527	0.140783071518	0.00338411331177	0.11790895462	0.0228657722473	120			2239.74466478	0
medium04a	trial 38	VPRM	0.169393062592	0.165712118149	0.00367712974548	0.132351160049	0.0333480834961	122			2346.95119483	0
medium04a	trial 39	VPRM	0.209640026093	0.206411123276	0.00322604179382	0.168717861176	0.03768491745	128			1334.92676505	0
medium04a	trial 40	VPRM	0.164748191833	0.161938905716	0.00280594825745	0.149025917053	0.012904882431	110			2187.04624867	0
medium04a	trial 41	VPRM	0.137135028839	0.133973836899	0.00315499305725	0.114711999893	0.019257068634	117			1561.29563787	0
medium04a	trial 42	VPRM	0.222163915634	0.217149972916	0.00500988960266	0.18156504631	0.0355730056763	121			1476.0767163	0
medium04a	trial 43	VPRM	0.149299860001	0.1465280056	0.002769947052	0.12818312645	0.0183379650116	118			1609.66405593	0
medium04a	trial 44	VPRM	0.186353206635	0.183191776276	0.0031578540802	0.157173871994	0.0260109901428	121			1712.77295903	0
medium04a	trial 45	VPRM	0.1639149189	0.161005020142	0.00290608406067	0.136224985123	0.0247728824615	120			1648.0120603	0
medium04a	trial 46	VPRM	0.164819955826	0.161596059799	0.00322103500366	0.124253034592	0.0373358726501	127			1262.93076481	0
medium04a	trial 47	VPRM	0.13688993454	0.133839130402	0.00304794311523	0.112658023834	0.0211730003357	120			1147.57482211	0
medium04a	trial 48	VPRM	0.200610160828	0.197403907776	0.00320100784302	0.145036935806	0.0523550510406	134			1154.11559885	0
medium04a	trial 49	VPRM	0.172930002213	0.170028924942	0.00289797782898	0.158448934555	0.0115740299225	110			1532.25495784	0
